N = 1000

n  prob        alpha used  beta used
1  0.000000    1.000000    0.000000
2  0.007984    0.996000    0.063246
3  0.023824    0.988016    0.126238
4  0.047268    0.976080    0.188726
5  0.077940    0.960240    0.250458
6  0.115350    0.940558    0.311189
7  0.158901    0.917115    0.370675
8  0.207895    0.890003    0.428679
9  0.261551    0.859331    0.484968
10  0.319010    0.825221    0.539316
11  0.379354    0.787811    0.591508
12  0.441618    0.747249    0.641334
13  0.504808    0.703699    0.688594
14  0.567912    0.657334    0.733100
15  0.629924    0.608339    0.774673
16  0.689850    0.556911    0.813148
17  0.746734    0.503255    0.848370
18  0.799666    0.447587    0.880199
19  0.847800    0.390128    0.908506
20  0.890367    0.331108    0.933180
21  0.926687    0.270764    0.954121
22  0.956178    0.209337    0.971246
23  0.978370    0.147073    0.984486
24  0.992907    0.084220    0.993787
25  0.999558    0.021031    0.999114
26  0.998216    -0.042243    1.000444
27  0.988902    -0.105347    0.997772
28  0.971766    -0.168031    0.991110
29  0.947081    -0.230042    0.980482
30  0.915242    -0.291133    0.965933
31  0.876757    -0.351059    0.947520
32  0.832243    -0.409582    0.925318
33  0.782410    -0.466465    0.899413
34  0.728055    -0.521483    0.869911
35  0.670047    -0.574416    0.836930
36  0.609312    -0.625050    0.800601
37  0.546823    -0.673184    0.761069
38  0.483577    -0.718626    0.718493
39  0.420586    -0.761193    0.673043
40  0.358856    -0.800715    0.624901
41  0.299374    -0.837034    0.574260
42  0.243090    -0.870006    0.521321
43  0.190906    -0.899497    0.466297
44  0.143653    -0.925390    0.409408
45  0.102089    -0.947582    0.350881
46  0.066877    -0.965983    0.290951
47  0.038580    -0.980520    0.229856
48  0.017650    -0.991136    0.167843
49  0.004422    -0.997786    0.105158
50  -0.000892    -1.000446    0.042052
51  0.001791    -0.999104    -0.021221
52  0.012430    -0.993765    -0.084410
53  0.030855    -0.984452    -0.147261
54  0.056770    -0.971200    -0.209524
55  0.089762    -0.954064    -0.270948
56  0.129303    -0.933112    -0.331288
57  0.174761    -0.908427    -0.390303
58  0.225410    -0.880108    -0.447757
59  0.280440    -0.848269    -0.503420
60  0.338971    -0.813037    -0.557069
61  0.400069    -0.774552    -0.608490
62  0.462755    -0.732970    -0.657477
63  0.526029    -0.688456    -0.703834
64  0.588879    -0.641187    -0.747376
65  0.650300    -0.591354    -0.787928
66  0.709311    -0.539156    -0.825329
67  0.764968    -0.484801    -0.859428
68  0.816382    -0.428507    -0.890090
69  0.862731    -0.370499    -0.917191
70  0.903274    -0.311008    -0.940623
71  0.937363    -0.250274    -0.960293
72  0.964453    -0.188539    -0.976122
73  0.984112    -0.126049    -0.988046
74  0.996024    -0.063055    -0.996018
75  1.000000    0.000190    -1.000006
76  0.995976    0.063436    -0.999994
77  0.984016    0.126427    -0.995982
78  0.964312    0.188913    -0.987986
79  0.937178    0.250643    -0.976038
80  0.903048    0.311370    -0.960186
81  0.862469    0.370852    -0.940493
82  0.816087    0.428851    -0.917038
83  0.764645    0.485134    -0.889916
84  0.708965    0.539477    -0.859233
85  0.649937    0.591662    -0.825113
86  0.588504    0.641480    -0.787694
87  0.525648    0.688732    -0.747123
88  0.462375    0.733229    -0.703564
89  0.399695    0.774794    -0.657190
90  0.338610    0.813259    -0.608188
91  0.280097    0.848471    -0.556753
92  0.225091    0.880289    -0.503091
93  0.174471    0.908586    -0.447416
94  0.129046    0.933249    -0.389952
95  0.089543    0.954179    -0.330929
96  0.056592    0.971292    -0.270581
97  0.030721    0.984520    -0.209151
98  0.012343    0.993809    -0.146885
99  0.001751    0.999124    -0.084031
100  -0.000884    1.000442    -0.020840
101  0.004478    0.997758    0.042433
102  0.017753    0.991084    0.105537
103  0.038728    0.980445    0.168218
104  0.067069    0.965884    0.230227
105  0.102321    0.947459    0.291315
106  0.143922    0.925245    0.351238
107  0.191206    0.899330    0.409755
108  0.243418    0.869817    0.466634
109  0.299723    0.836826    0.521646
110  0.359221    0.800486    0.574572
111  0.420962    0.760945    0.625199
112  0.483958    0.718361    0.673325
113  0.547202    0.672902    0.718758
114  0.609684    0.624752    0.761316
115  0.670405    0.574104    0.800829
116  0.728394    0.521158    0.837139
117  0.782724    0.466128    0.870100
118  0.832528    0.409234    0.899580
119  0.877008    0.350703    0.925462
120  0.915454    0.290768    0.947643
121  0.947251    0.229671    0.966033
122  0.971892    0.167655    0.980558
123  0.988982    0.104969    0.991162
124  0.998248    0.041862    0.997800
125  0.999542    -0.021412    1.000448
126  0.992843    -0.084600    0.999094
127  0.978259    -0.147450    0.993743
128  0.956022    -0.209710    0.984418
129  0.926488    -0.271131    0.971155
130  0.890129    -0.331468    0.954007
131  0.847526    -0.390479    0.933043
132  0.799361    -0.447927    0.908347
133  0.746402    -0.503585    0.880017
134  0.689497    -0.557228    0.848168
135  0.629556    -0.608641    0.812926
136  0.567535    -0.657621    0.774432
137  0.504427    -0.703970    0.732840
138  0.441240    -0.747503    0.688317
139  0.378984    -0.788046    0.641041
140  0.318655    -0.825437    0.591201
141  0.261216    -0.859526    0.538996
142  0.207586    -0.890177    0.484634
143  0.158622    -0.917267    0.428335
144  0.115106    -0.940688    0.370322
145  0.077735    -0.960346    0.310827
146  0.047105    -0.976164    0.250090
147  0.023706    -0.988076    0.188352
148  0.007912    -0.996036    0.125860
149  -0.000024    -1.000012    0.062865
150  0.000024    -0.999988    -0.000381
151  0.008056    -0.995964    -0.063626
152  0.023943    -0.987956    -0.126616
153  0.047431    -0.975996    -0.189100
154  0.078146    -0.960132    -0.250827
155  0.115595    -0.940428    -0.311551
156  0.159180    -0.916962    -0.371029
157  0.208205    -0.889829    -0.429023
158  0.261886    -0.859135    -0.485301
159  0.319366    -0.825006    -0.539637
160  0.379724    -0.787576    -0.591815
161  0.441997    -0.746996    -0.641626
162  0.505189    -0.703428    -0.688870
163  0.568290    -0.657046    -0.733359
164  0.630292    -0.608037    -0.774914
165  0.690203    -0.556595    -0.813370
166  0.747065    -0.502926    -0.848572
167  0.799971    -0.447246    -0.880380
168  0.848074    -0.389777    -0.908666
169  0.890605    -0.330749    -0.933318
170  0.926885    -0.270398    -0.954236
171  0.956334    -0.208965    -0.971337
172  0.978480    -0.146696    -0.984554
173  0.992971    -0.083841    -0.993831
174  0.999574    -0.020650    -0.999134
175  0.998183    0.042623    -1.000440
176  0.988822    0.105726    -0.997744
177  0.971639    0.168406    -0.991058
178  0.946910    0.230413    -0.980407
179  0.915029    0.291497    -0.965834
180  0.876507    0.351416    -0.947398
181  0.831958    0.409929    -0.925173
182  0.782095    0.466802    -0.899246
183  0.727716    0.521809    -0.869723
184  0.669688    0.574727    -0.836721
185  0.608941    0.625347    -0.800372
186  0.546444    0.673466    -0.760822
187  0.483196    0.718891    -0.718228
188  0.420209    0.761440    -0.672761
189  0.358490    0.800943    -0.624604
190  0.299024    0.837243    -0.573948
191  0.242763    0.870194    -0.520996
192  0.190606    0.899664    -0.465960
193  0.143385    0.925535    -0.409060
194  0.101857    0.947704    -0.350524
195  0.066685    0.966082    -0.290586
196  0.038431    0.980596    -0.229486
197  0.017547    0.991188    -0.167467
198  0.004366    0.997814    -0.104779
199  -0.000900    1.000450    -0.041672
200  0.001832    0.999084    0.021602
201  0.012518    0.993721    0.084790
202  0.030989    0.984384    0.147638
203  0.056948    0.971109    0.209896
204  0.089981    0.953949    0.271314
205  0.129559    0.932974    0.331647
206  0.175051    0.908267    0.390654
207  0.225729    0.879927    0.448098
208  0.280783    0.848067    0.503749
209  0.339332    0.812815    0.557386
210  0.400442    0.774311    0.608793
211  0.463135    0.732711    0.657764
212  0.526410    0.688179    0.704105
213  0.589254    0.640895    0.747629
214  0.650663    0.591047    0.788163
215  0.709657    0.538835    0.825544
216  0.765291    0.484468    0.859623
217  0.816677    0.428162    0.890264
218  0.862993    0.370145    0.917343
219  0.903499    0.310646    0.940753
220  0.937547    0.249905    0.960400
221  0.964594    0.188165    0.976205
222  0.984207    0.125671    0.988106
223  0.996072    0.062675    0.996054
224  1.000000    -0.000571    1.000018
225  0.995928    -0.063816    0.999982
226  0.983920    -0.126805    0.995946
227  0.964170    -0.189287    0.987926
228  0.936993    -0.251012    0.975954
229  0.902823    -0.311732    0.960079
230  0.862206    -0.371206    0.940363
231  0.815792    -0.429195    0.916886
232  0.764321    -0.485467    0.889741
233  0.708618    -0.539798    0.859038
234  0.649573    -0.591969    0.824898
235  0.588129    -0.641772    0.787459
236  0.525268    -0.689008    0.746869
237  0.461995    -0.733488    0.703293
238  0.399322    -0.775035    0.656903
239  0.338249    -0.813481    0.607885
240  0.279755    -0.848673    0.556436
241  0.224772    -0.880470    0.502761
242  0.174181    -0.908746    0.447076
243  0.128790    -0.933386    0.389602
244  0.089324    -0.954293    0.330569
245  0.056415    -0.971383    0.270214
246  0.030588    -0.984587    0.208779
247  0.012256    -0.993853    0.146508
248  0.001711    -0.999144    0.083651
249  -0.000876    -1.000438    0.020460
250  0.004535    -0.997730    -0.042814
251  0.017857    -0.991031    -0.105916
252  0.038877    -0.980369    -0.168594
253  0.067261    -0.965784    -0.230598
254  0.102553    -0.947337    -0.291680
255  0.144190    -0.925100    -0.351594
256  0.191506    -0.899163    -0.410103
257  0.243745    -0.869629    -0.466971
258  0.300072    -0.836617    -0.521971
259  0.359587    -0.800258    -0.574883
260  0.421338    -0.760698    -0.625496
261  0.484339    -0.718095    -0.673607
262  0.547582    -0.672620    -0.719023
263  0.610056    -0.624455    -0.761563
264  0.670763    -0.573792    -0.801057
265  0.728733    -0.520833    -0.837347
266  0.783039    -0.465791    -0.870288
267  0.832812    -0.408886    -0.899747
268  0.877258    -0.350346    -0.925607
269  0.915666    -0.290404    -0.947765
270  0.947421    -0.229300    -0.966132
271  0.972018    -0.167280    -0.980634
272  0.989061    -0.104590    -0.991214
273  0.998279    -0.041482    -0.997828
274  0.999525    0.021793    -1.000452
275  0.992778    0.084980    -0.999074
276  0.978147    0.147827    -0.993699
277  0.955865    0.210082    -0.984350
278  0.926289    0.271498    -0.971063
279  0.889891    0.331827    -0.953892
280  0.847252    0.390829    -0.932905
281  0.799056    0.448268    -0.908187
282  0.746071    0.503914    -0.879836
283  0.689145    0.557544    -0.847966
284  0.629187    0.608944    -0.812704
285  0.567157    0.657908    -0.774191
286  0.504046    0.704240    -0.732581
287  0.440861    0.747756    -0.688041
288  0.378614    0.788280    -0.640749
289  0.318299    0.825652    -0.590893
290  0.260881    0.859721    -0.538675
291  0.207276    0.890350    -0.484301
292  0.158343    0.917419    -0.427990
293  0.114862    0.940818    -0.369968
294  0.077530    0.960453    -0.310465
295  0.046942    0.976247    -0.249721
296  0.023588    0.988136    -0.187977
297  0.007841    0.996072    -0.125482
298  -0.000048    1.000024    -0.062485
299  0.000049    0.999976    0.000762
300  0.008128    0.995928    0.064006
