N = 100000

n  prob        alpha used  beta used
1  0.000000    1.000000    0.000000
2  0.000080    0.999960    0.006325
3  0.000240    0.999880    0.012649
4  0.000480    0.999760    0.018973
5  0.000800    0.999600    0.025296
6  0.001200    0.999400    0.031618
7  0.001679    0.999160    0.037938
8  0.002238    0.998880    0.044258
9  0.002877    0.998560    0.050575
10  0.003596    0.998201    0.056891
11  0.004394    0.997801    0.063204
12  0.005271    0.997361    0.069514
13  0.006227    0.996882    0.075822
14  0.007262    0.996362    0.082127
15  0.008377    0.995803    0.088429
16  0.009569    0.995204    0.094727
17  0.010841    0.994565    0.101021
18  0.012190    0.993886    0.107311
19  0.013618    0.993168    0.113597
20  0.015123    0.992410    0.119878
21  0.016706    0.991612    0.126155
22  0.018367    0.990774    0.132426
23  0.020104    0.989897    0.138693
24  0.021918    0.988980    0.144953
25  0.023809    0.988024    0.151208
26  0.025776    0.987028    0.157457
27  0.027818    0.985993    0.163699
28  0.029937    0.984918    0.169935
29  0.032130    0.983804    0.176165
30  0.034398    0.982650    0.182387
31  0.036741    0.981457    0.188602
32  0.039158    0.980225    0.194809
33  0.041649    0.978954    0.201008
34  0.044213    0.977644    0.207200
35  0.046850    0.976294    0.213383
36  0.049559    0.974905    0.219558
37  0.052341    0.973478    0.225723
38  0.055194    0.972011    0.231880
39  0.058118    0.970506    0.238028
40  0.061113    0.968962    0.244166
41  0.064178    0.967379    0.250294
42  0.067313    0.965757    0.256412
43  0.070518    0.964097    0.262520
44  0.073790    0.962398    0.268618
45  0.077132    0.960660    0.274704
46  0.080540    0.958885    0.280780
47  0.084016    0.957070    0.286845
48  0.087559    0.955218    0.292898
49  0.091167    0.953327    0.298939
50  0.094841    0.951399    0.304968
51  0.098579    0.949432    0.310986
52  0.102382    0.947427    0.316990
53  0.106249    0.945384    0.322982
54  0.110178    0.943304    0.328962
55  0.114170    0.941185    0.334928
56  0.118224    0.939029    0.340880
57  0.122338    0.936836    0.346819
58  0.126513    0.934605    0.352744
59  0.130748    0.932337    0.358655
60  0.135042    0.930031    0.364552
61  0.139395    0.927688    0.370434
62  0.143805    0.925308    0.376301
63  0.148272    0.922891    0.382153
64  0.152795    0.920437    0.387990
65  0.157374    0.917947    0.393811
66  0.162007    0.915419    0.399617
67  0.166695    0.912855    0.405407
68  0.171436    0.910255    0.411180
69  0.176230    0.907618    0.416937
70  0.181075    0.904945    0.422677
71  0.185972    0.902235    0.428401
72  0.190918    0.899490    0.434107
73  0.195914    0.896708    0.439796
74  0.200959    0.893891    0.445467
75  0.206052    0.891038    0.451120
76  0.211192    0.888149    0.456756
77  0.216377    0.885225    0.462373
78  0.221609    0.882265    0.467972
79  0.226885    0.879270    0.473552
80  0.232204    0.876240    0.479113
81  0.237566    0.873174    0.484654
82  0.242971    0.870074    0.490177
83  0.248416    0.866939    0.495680
84  0.253902    0.863770    0.501163
85  0.259427    0.860566    0.506626
86  0.264991    0.857327    0.512068
87  0.270592    0.854054    0.517491
88  0.276230    0.850747    0.522892
89  0.281903    0.847406    0.528273
90  0.287612    0.844031    0.533632
91  0.293354    0.840622    0.538970
92  0.299130    0.837180    0.544287
93  0.304938    0.833704    0.549582
94  0.310777    0.830195    0.554854
95  0.316646    0.826652    0.560105
96  0.322545    0.823077    0.565333
97  0.328472    0.819468    0.570539
98  0.334426    0.815827    0.575722
99  0.340407    0.812153    0.580881
100  0.346413    0.808447    0.586018
101  0.352444    0.804708    0.591131
102  0.358499    0.800938    0.596220
103  0.364576    0.797135    0.601286
104  0.370675    0.793300    0.606327
105  0.376795    0.789434    0.611345
106  0.382934    0.785535    0.616338
107  0.389092    0.781606    0.621306
108  0.395268    0.777645    0.626249
109  0.401460    0.773653    0.631167
110  0.407669    0.769631    0.636060
111  0.413892    0.765577    0.640928
112  0.420129    0.761493    0.645770
113  0.426378    0.757378    0.650586
114  0.432640    0.753233    0.655376
115  0.438912    0.749058    0.660140
116  0.445194    0.744853    0.664877
117  0.451485    0.740618    0.669588
118  0.457783    0.736354    0.674272
119  0.464088    0.732060    0.678929
120  0.470399    0.727737    0.683559
121  0.476715    0.723384    0.688162
122  0.483035    0.719003    0.692737
123  0.489357    0.714593    0.697284
124  0.495681    0.710154    0.701804
125  0.502005    0.705687    0.706295
126  0.508330    0.701192    0.710758
127  0.514652    0.696669    0.715193
128  0.520973    0.692118    0.719599
129  0.527290    0.687539    0.723977
130  0.533603    0.682933    0.728325
131  0.539911    0.678299    0.732644
132  0.546212    0.673638    0.736934
133  0.552505    0.668950    0.741195
134  0.558791    0.664236    0.745425
135  0.565066    0.659495    0.749626
136  0.571332    0.654727    0.753797
137  0.577586    0.649934    0.757938
138  0.583828    0.645114    0.762049
139  0.590056    0.640269    0.766129
140  0.596270    0.635398    0.770178
141  0.602468    0.630501    0.774197
142  0.608650    0.625580    0.778185
143  0.614815    0.620633    0.782141
144  0.620961    0.615661    0.786066
145  0.627088    0.610665    0.789960
146  0.633195    0.605645    0.793822
147  0.639280    0.600600    0.797653
148  0.645343    0.595531    0.801451
149  0.651382    0.590438    0.805218
150  0.657398    0.585322    0.808952
151  0.663388    0.580182    0.812654
152  0.669352    0.575020    0.816323
153  0.675290    0.569834    0.819960
154  0.681199    0.564625    0.823564
155  0.687079    0.559394    0.827135
156  0.692929    0.554140    0.830673
157  0.698748    0.548864    0.834178
158  0.704535    0.543567    0.837649
159  0.710290    0.538247    0.841087
160  0.716011    0.532906    0.844491
161  0.721698    0.527544    0.847861
162  0.727349    0.522160    0.851198
163  0.732963    0.516756    0.854500
164  0.738541    0.511331    0.857768
165  0.744080    0.505885    0.861002
166  0.749580    0.500420    0.864202
167  0.755040    0.494934    0.867367
168  0.760460    0.489429    0.870497
169  0.765837    0.483903    0.873592
170  0.771173    0.478359    0.876653
171  0.776464    0.472795    0.879678
172  0.781712    0.467213    0.882669
173  0.786915    0.461612    0.885623
174  0.792071    0.455992    0.888543
175  0.797181    0.450354    0.891427
176  0.802243    0.444698    0.894275
177  0.807257    0.439025    0.897088
178  0.812222    0.433333    0.899864
179  0.817137    0.427625    0.902605
180  0.822001    0.421899    0.905310
181  0.826814    0.416157    0.907978
182  0.831574    0.410397    0.910610
183  0.836281    0.404622    0.913205
184  0.840935    0.398830    0.915765
185  0.845533    0.393022    0.918287
186  0.850077    0.387199    0.920773
187  0.854565    0.381360    0.923221
188  0.858996    0.375506    0.925633
189  0.863369    0.369636    0.928008
190  0.867684    0.363752    0.930346
191  0.871941    0.357854    0.932647
192  0.876138    0.351941    0.934910
193  0.880274    0.346014    0.937136
194  0.884350    0.340073    0.939324
195  0.888365    0.334119    0.941475
196  0.892317    0.328151    0.943588
197  0.896206    0.322170    0.945664
198  0.900033    0.316176    0.947701
199  0.903795    0.310170    0.949701
200  0.907492    0.304151    0.951663
201  0.911124    0.298120    0.953586
202  0.914691    0.292077    0.955472
203  0.918191    0.286022    0.957319
204  0.921624    0.279956    0.959128
205  0.924990    0.273879    0.960898
206  0.928288    0.267791    0.962631
207  0.931517    0.261692    0.964324
208  0.934678    0.255583    0.965979
209  0.937768    0.249463    0.967596
210  0.940789    0.243333    0.969174
211  0.943739    0.237194    0.970713
212  0.946618    0.231045    0.972213
213  0.949426    0.224887    0.973674
214  0.952162    0.218720    0.975096
215  0.954825    0.212544    0.976480
216  0.957416    0.206360    0.977824
217  0.959933    0.200167    0.979129
218  0.962377    0.193967    0.980395
219  0.964747    0.187759    0.981622
220  0.967042    0.181543    0.982809
221  0.969263    0.175320    0.983957
222  0.971409    0.169090    0.985066
223  0.973479    0.162853    0.986136
224  0.975474    0.156609    0.987166
225  0.977392    0.150360    0.988156
226  0.979234    0.144104    0.989107
227  0.980999    0.137843    0.990018
228  0.982688    0.131576    0.990890
229  0.984299    0.125303    0.991722
230  0.985833    0.119026    0.992515
231  0.987289    0.112744    0.993268
232  0.988667    0.106458    0.993981
233  0.989967    0.100167    0.994654
234  0.991188    0.093872    0.995287
235  0.992331    0.087574    0.995881
236  0.993395    0.081272    0.996435
237  0.994380    0.074966    0.996949
238  0.995286    0.068658    0.997423
239  0.996113    0.062347    0.997857
240  0.996860    0.056034    0.998252
241  0.997528    0.049718    0.998606
242  0.998116    0.043400    0.998921
243  0.998625    0.037081    0.999195
244  0.999054    0.030760    0.999430
245  0.999403    0.024438    0.999624
246  0.999672    0.018115    0.999779
247  0.999861    0.011791    0.999893
248  0.999970    0.005466    0.999968
249  0.999999    -0.000858    1.000002
250  0.999948    -0.007183    0.999997
251  0.999818    -0.013507    0.999951
252  0.999607    -0.019831    0.999866
253  0.999316    -0.026154    0.999741
254  0.998945    -0.032476    0.999575
255  0.998495    -0.038796    0.999370
256  0.997965    -0.045115    0.999124
257  0.997355    -0.051432    0.998839
258  0.996665    -0.057748    0.998514
259  0.995896    -0.064060    0.998149
260  0.995048    -0.070371    0.997743
261  0.994120    -0.076678    0.997298
262  0.993114    -0.082983    0.996813
263  0.992028    -0.089284    0.996289
264  0.990864    -0.095581    0.995724
265  0.989622    -0.101875    0.995119
266  0.988300    -0.108164    0.994475
267  0.986901    -0.114450    0.993791
268  0.985424    -0.120730    0.993067
269  0.983869    -0.127006    0.992304
270  0.982237    -0.133277    0.991500
271  0.980528    -0.139543    0.990657
272  0.978742    -0.145802    0.989775
273  0.976879    -0.152057    0.988853
274  0.974940    -0.158304    0.987891
275  0.972925    -0.164546    0.986890
276  0.970834    -0.170781    0.985849
277  0.968668    -0.177009    0.984769
278  0.966427    -0.183231    0.983650
279  0.964111    -0.189444    0.982491
280  0.961721    -0.195651    0.981293
281  0.959257    -0.201849    0.980055
282  0.956720    -0.208039    0.978779
283  0.954109    -0.214221    0.977463
284  0.951426    -0.220395    0.976108
285  0.948671    -0.226559    0.974714
286  0.945844    -0.232715    0.973281
287  0.942945    -0.238861    0.971809
288  0.939976    -0.244998    0.970299
289  0.936936    -0.251125    0.968749
290  0.933827    -0.257242    0.967161
291  0.930648    -0.263348    0.965534
292  0.927400    -0.269444    0.963868
293  0.924083    -0.275530    0.962164
294  0.920699    -0.281604    0.960422
295  0.917248    -0.287667    0.958641
296  0.913730    -0.293718    0.956821
297  0.910145    -0.299758    0.954964
298  0.906495    -0.305786    0.953068
299  0.902780    -0.311801    0.951134
300  0.899000    -0.317804    0.949162
